0,416
0,414
0,345
15,231
16,101
0,420
8,3
9,3
15,228
15,226
0,342
16,100
15,227
15,4
0,340
0,339
2,6
2,3
1,3
15,154
15,225
15,223
16,99
16,84
0,401
0,400
0,394
0,324
16,3
0,336
15,145
0,331
0,330
0,326
15,25
15,3
0,322
0,321
15,219
16,98
16,97
15,216
15,214
15,213
15,211
15,209
0,507
0,506
0,505
0,2
0,243
0,410
0,504
16,96
0,392
21,6
21,5
0,503
0,0
0,404
0,391
15,36
0,502
0,501
15,206
15,40
16,95
0,499
15,203
15,201
15,198
15,195
15,193
15,190
15,188
15,185
15,97
15,89
15,94
15,92
15,90
15,87
15,85
15,83
15,80
15,78
15,67
15,76
15,73
15,71
15,68
15,28
15,27
15,17
15,14
15,13
15,24
15,20
15,16
16,94
16,93
16,92
16,91
16,89
16,88
0,498
15,38
15,35
0,334
0,344
0,497
0,493
14,105
14,1
0,275
0,461
0,373
0,362
16,90
15,182
15,179
15,176
15,174
15,171
15,152
16,71
14,192
14,255
14,254
14,253
14,252
14,251
14,250
14,249
14,248
14,247
14,246
14,245
14,244
14,243
14,242
14,241
14,240
14,239
14,238
14,237
14,236
14,235
14,234
14,233
14,232
14,231
14,230
14,229
14,228
14,227
14,226
15,167
16,86
16,16
16,15
0,490
0,489
0,366
0,475
0,488
15,2
15,0
16,38
0,487
15,163
0,463
0,417
0,486
15,21
15,161
0,484
0,483
0,312
0,199
0,482
0,467
16,37
16,29
0,481
0,300
0,299
0,298
0,477
0,297
0,296
0,295
16,67
0,294
0,293
0,292
0,291
0,290
0,289
0,288
0,287
0,286
0,285
0,284
0,476
0,283
0,282
0,281
0,280
0,279
0,278
0,508
0,277
0,276
0,274
0,273
0,272
0,271
0,270
0,460
0,480
0,352
16,2
16,0
12,6
26,2
0,478
16,87
16,11
0,474
0,473
0,310
0,346
15,137
15,135
15,132
15,130
15,129
15,75
15,124
15,121
15,115
15,109
15,104
15,99
15,98
15,96
15,84
15,127
15,117
15,107
15,82
15,81
15,65
15,39
15,37
15,70
15,31
15,23
15,11
15,126
14,303
14,302
14,8
14,7
0,48
0,343
0,268
0,267
0,266
0,384
0,465
0,341
0,258
0,459
0,255
0,458
0,338
0,337
0,317
0,247
0,457
0,246
0,245
0,335
0,244
0,242
0,415
0,241
0,240
0,239
0,238
0,237
0,236
0,235
0,234
0,233
0,232
0,231
0,230
0,229
0,228
0,227
0,307
0,226
0,225
0,224
0,223
0,222
0,221
0,220
0,219
0,218
0,217
0,333
0,216
0,215
0,214
0,213
0,452
0,451
0,472
0,470
15,10
15,7
0,448
14,197
14,301
14,300
14,299
14,298
14,297
14,296
14,295
14,294
14,293
14,292
14,291
14,290
14,289
14,288
14,287
14,286
14,285
14,284
14,283
14,282
14,281
14,280
14,279
14,278
14,277
14,276
0,447
14,275
14,274
14,273
14,272
14,271
14,270
14,269
14,268
14,267
14,266
14,265
14,264
14,263
14,262
14,261
14,209
14,260
14,208
14,207
14,206
14,205
14,204
0,319
14,203
16,105
0,212
14,202
14,201
14,200
0,469
0,468
0,466
8,5
0,464
14,259
0,332
0,211
15,253
0,210
0,209
15,252
0,456
0,454
23,2
12,3
25,4
26,5
26,4
26,3
23,8
23,7
15,251
0,450
0,449
25,3
23,4
15,18
15,22
23,3
0,435
0,318
14,198
14,195
14,194
14,193
0,315
0,314
15,250
16,104
15,249
0,313
0,432
16,39
0,208
16,7
0,445
16,8
16,5
0,443
0,413
0,207
0,206
0,205
0,204
0,500
0,203
0,479
0,202
0,201
0,200
0,198
0,197
0,196
0,195
0,194
0,396
0,430
0,193
0,192
0,329
0,63
0,59
0,58
0,57
0,395
0,56
0,436
0,55
14,257
16,73
16,72
12,4
0,382
0,433
0,411
0,62
0,61
0,60
0,328
15,142
15,136
15,131
15,64
15,112
15,93
15,91
15,125
15,120
15,110
16,79
0,54
0,53
0,52
0,51
0,50
0,49
0,47
0,46
0,45
0,6
0,327
0,393
24,2
23,6
23,10
23,9
14,2
14,0
10,4
8,4
9,4
16,28
15,8
15,133
15,69
15,106
15,100
15,15
15,12
15,29
14,224
16,6
16,4
0,301
0,325
0,269
0,265
0,264
0,263
0,496
0,262
0,261
0,260
0,259
0,257
0,256
0,254
0,399
0,398
0,509
16,9
0,253
0,252
0,438
0,251
0,250
0,249
0,248
14,191
14,190
14,189
14,188
14,187
14,186
14,185
14,184
0,441
14,256
0,323
23,5
0,320
6,5
9,5
15,157
15,160
12,5
14,182
14,181
14,180
14,179
14,99
14,98
14,97
14,81
14,70
14,71
14,69
14,68
14,67
14,221
14,220
14,219
14,218
14,217
14,216
14,215
14,214
14,213
14,223
14,174
14,173
14,172
14,171
14,170
14,169
14,168
14,167
14,166
14,165
14,164
14,163
14,162
14,161
14,160
14,159
14,158
14,157
14,156
14,155
14,154
14,153
14,152
14,151
14,150
14,149
14,148
14,147
14,146
14,145
14,144
14,143
14,142
14,141
14,140
14,139
14,138
14,137
14,136
14,135
10,3
15,9
15,246
0,446
0,442
6,4
6,3
14,95
0,440
14,5
15,243
16,103
14,4
15,241
15,240
5,3
5,4
14,196
14,199
0,428
16,102
15,237
14,3
15,234
15,19
24,4
24,3
0,421
16,85
15,5
16,41
16,64
16,65
15,1
14,212
16,70
2,4
2,5
16,80
16,76
0,1
16,78
16,36
16,31
16,17
16,33
16,82
16,81
16,69
16,34
16,77
16,75
16,68
16,35
16,32
16,30
16,18
16,74
14,211
0,304
0,303
0,12
0,11
0,10
0,8
14,210
16,1
14,222
12,2
12,1
12,0
11,5
11,4
11,3
11,2
11,1
11,0
10,2
10,1
10,0
9,2
9,1
9,0
8,2
8,1
8,0
7,5
7,4
7,3
7,2
7,1
7,0
6,2
6,1
6,0
5,6
5,5
5,2
5,1
5,0
4,3
4,2
4,1
4,0
3,6
3,5
3,4
3,3
3,2
3,1
3,0
2,7
2,2
2,1
2,0
1,2
1,1
1,0
0,9
12,7
13,0
13,1
13,3
13,4
16,13
16,20
16,21
16,23
16,24
16,26
17,0
17,1
17,3
17,4
18,1
18,3
18,4
18,6
18,7
18,9
18,11
18,12
18,14
18,15
18,17
18,18
18,20
19,0
19,1
19,3
19,4
20,0
20,2
20,3
20,5
20,6
20,8
20,9
21,0
21,2
21,3
21,8
21,10
21,11
21,13
21,14
22,0
22,2
22,3
22,5
22,6
23,1
24,1
25,0
25,1
26,1
27,0
27,1
27,3
27,4
28,1
28,3
28,4
28,5
28,2
28,0
27,2
26,0
25,2
24,0
23,0
22,4
22,1
21,17
21,12
21,9
21,7
21,4
21,1
20,10
20,7
20,4
20,1
19,5
19,2
18,21
18,19
18,16
18,13
18,10
18,8
18,5
18,2
18,0
17,2
16,25
16,22
16,19
16,14
13,2
12,8
0,5
0,306
0,305
0,302
0,434
0,4
0,3
0,7
